(seq18:0.00379,seq17:0.00379,seq16:0.00379,seq15:0.00379,seq13:0.00379,
seq12:0.00379,seq11:0.00379,seq7:0.00379,seq6:0.00379,(seq19:0.00379,
seq14:0.00000,seq5:0.00379):0.00379,(seq4:0.00000,seq3:0.00758):0.00379,
(seq20:0.00379,seq10:0.00000,(seq9:0.00379,seq8:0.00000):0.00379,
seq2:0.00379,seq1:0.00379):0.00379,naive:0.00000);
